02 30 36 34 64 36 39 34 36 36 39 36 32 37 32 36 31 32 64 34 34 34 31 33 37 33 32 30 30 30 30 30 30 30 30 30 30 30 30 30 30 30 30 30 30 30 30 30 30 30 30 30 30 30 30 30 30 30 30 30 30 30 30 30 30 30 30 30 30 36 31 33 33 37 32 35 33 36 36 35 61 34 61 35 31 30 30 30 30 30 30 30 30 30 30 30 30 30 30 30 30 30 30 30 30 30 30 30 30 30 30 30 30 30 30 30 30 30 30 30 30 30 30 30 30 30 30 30 30 30 30 30 30 30 30 30 30 30 30 30 30 30 30 30 30 30 30 30 30 30 30 30 30 30 30 30 30 30 30 30 30 30 30 30 30 30 30 30 30 30 30 30 30 30 30 30 30 30 30 30 30 30 30 30 30 30 30 30 30 30 30 30 30 30 30 30 30 35 61 37 38 36 39 33 32 34 64 36 63 36 36 36 35 35 37 33 30 35 34 35 37 34 38 37 36 35 36 34 64 34 32 34 38 36 31 35 32 34 35 34 36 34 63 33 33 35 33 35 36 33 33 37 37 34 64 34 39 33 34 34 66 35 36 34 65 34 37 33 30 34 34 33 33 33 35 36 31 36 63 35 34 33 37 37 31 36 33 34 34 35 32 33 36 34 65 34 61 37 61 37 37 34 63 33 31 35 35 37 34 35 35 36 66 36 62 33 30 37 31 35 33 34 31 36 66 33 34 36 36 36 32 33 32 35 38 33 33 36 39 34 37 34 63 33 38 34 36 35 35 34 38 37 35 33 31 36 66 36 34 33 36 35 32 36 33 36 39 34 39 36 33 33 32 33 32 36 65 36 37 37 30 35 34 36 36 35 34 34 33 30 30 63 32 66 34 03
30 36 > 06 > WIF_WR: WiFi configuration write (in RAM)
34 64 36 39 34 36 36 39 36 32 37 32 36 31 32 64 34 34 34 31 33 37 33 32 30 30 30 30 30 30 30 30 30 30 30 30 30 30 30 30 30 30 30 30 30 30 30 30 30 30 30 30 30 30 30 30 30 30 30 30 30 30 30 30 30 30 36 31 33 33 37 32 35 33 36 36 35 61 34 61 35 31 30 30 30 30 30 30 30 30 30 30 30 30 30 30 30 30 30 30 30 30 30 30 30 30 30 30 30 30 30 30 30 30 30 30 30 30 30 30 30 30 30 30 30 30 30 30 30 30 30 30 30 30 30 30 30 30 30 30 30 30 30 30 30 30 30 30 30 30 30 30 30 30 30 30 30 30 30 30 30 30 30 30 30 30 30 30 30 30 30 30 30 30 30 30 30 30 30 30 30 30 30 30 30 30 30 30 30 30 30 30 30 30 35 61 37 38 36 39 33 32 34 64 36 63 36 36 36 35 35 37 33 30 35 34 35 37 34 38 37 36 35 36 34 64 34 32 34 38 36 31 35 32 34 35 34 36 34 63 33 33 35 33 35 36 33 33 37 37 34 64 34 39 33 34 34 66 35 36 34 65 34 37 33 30 34 34 33 33 33 35 36 31 36 63 35 34 33 37 37 31 36 33 34 34 35 32 33 36 34 65 34 61 37 61 37 37 34 63 33 31 35 35 37 34 35 35 36 66 36 62 33 30 37 31 35 33 34 31 36 66 33 34 36 36 36 32 33 32 35 38 33 33 36 39 34 37 34 63 33 38 34 36 35 35 34 38 37 35 33 31 36 66 36 34 33 36 35 32 36 33 36 39 34 39 36 33 33 32 33 32 36 65 36 37 37 30 35 34 36 36 35 34 34 33 30 30 > 4D6946696272612D4441373200000000000000000000000000000000000000000061337253665A4A5100000000000000000000000000000000000000000000000000000000000000000000000000000000000000000000000000000000000000005A7869324D6C6665573054574876564D4248615245464C33535633774D49344F564E4730443335616C543771634452364E4A7A774C315574556F6B307153416F34666232583369474C3846554875316F6436526369496332326E67705466544300 > 0x004354665470676E3232634969635236646F3175485546384C47693358326266346F415371306B6F557455314C777A4A4E365244637137546C6135334430474E564F34494D77335653334C4645526148424D5676485754305765666C4D3269785A0000000000000000000000000000000000000000000000000000000000000000000000000000000000000000000000000000000000000000514A5A6653723361000000000000000000000000000000000000000000323741442D6172626946694D or dec162285579901589228151399383863307463876791777645148552000138041332598630939741874991630427223664281764990495038034582102703853075485605897524633406167535526536849386451520023639492754820154199586825284432870035468235989862074814229494119335197436854955174841627648880057873315870246942365932287548087094006868727034946937697814039459473011568265073488873540207041338560049751679855214776857970343932174645502654611338906298043080579967605982347200545084423885187405 > 

02 38 36 42 45 31 30 03
38 36 > 86 > WIF_WA: WiFi configuration write (in RAM)  [ANSWER]
 >  > 0x or dec > 

02 33 35 39 36 39 34 62 63 31 62 64 65 64 34 65 62 30 33 63 61 64 31 03
33 35 > 35 > GEO_WR: Geolocalization write
39 36 39 34 62 63 31 62 64 65 64 34 65 62 30 33 > 9694BC1BDED4EB03 > 0x03EBD4DE1BBC9496 or dec282553452053959830 > 

02 42 35 38 45 31 36 03
42 35 > B5 > GEO_WA: Geolocalization write [ANSWER]
 >  > 0x or dec > 

02 32 35 38 37 35 36 34 64 37 33 36 37 32 30 36 31 37 35 37 34 36 66 36 64 36 31 37 34 36 39 36 33 36 66 32 30 36 33 36 31 36 34 36 31 32 30 33 32 32 30 36 64 36 39 36 65 32 63 32 30 35 32 36 31 37 33 37 30 32 30 36 39 36 65 36 39 36 33 36 39 36 31 32 30 36 31 37 35 37 34 36 66 36 64 36 31 37 34 36 39 36 33 36 31 36 64 36 35 36 65 37 34 36 35 32 63 32 30 36 64 36 66 36 34 37 35 36 63 36 66 32 30 35 37 36 39 34 36 36 39 37 32 65 38 03
32 35 > 25 > PLD_ER: Enqueue payload
38 37 35 36 34 64 37 33 36 37 32 30 36 31 37 35 37 34 36 66 36 64 36 31 37 34 36 39 36 33 36 66 32 30 36 33 36 31 36 34 36 31 32 30 33 32 32 30 36 64 36 39 36 65 32 63 32 30 35 32 36 31 37 33 37 30 32 30 36 39 36 65 36 39 36 33 36 39 36 31 32 30 36 31 37 35 37 34 36 66 36 64 36 31 37 34 36 39 36 33 36 31 36 64 36 35 36 65 37 34 36 35 32 63 32 30 36 64 36 66 36 34 37 35 36 63 36 66 32 30 35 37 36 39 34 36 36 39 > 87564D7367206175746F6D617469636F20636164612032206D696E2C205261737020696E69636961206175746F6D61746963616D656E74652C206D6F64756C6F2057694669 > 0x69466957206F6C75646F6D202C65746E656D61636974616D6F74756120616963696E692070736152202C6E696D20322061646163206F636974616D6F7475612067734D5687 or dec6062378900081093081593828754531825942715152257650768411411763486079295802434830493806878086529451355300127382524231745359272456619192796242912074593159045862250075783 > ID: 0x5687

02 41 35 38 37 35 36 43 43 32 32 03
41 35 > A5 > PLD_EA: Enqueue payload [ANSWER]
38 37 35 36 > 8756 > 0x5687 or dec22151 > PAYLOAD ID: 0x5687

02 31 37 32 36 38 33 03
31 37 > 17 > RTC_RR: Real time clock read
 >  > 0x or dec > 

02 39 37 30 30 30 30 30 30 30 30 35 32 35 30 03
39 37 > 97 > RTC_RA: Real time clock read [ANSWER]
30 30 30 30 30 30 30 30 > 00000000 > 0x00000000 or dec0 > RTC Time: 2018-01-01 00:00:00

02 32 35 31 32 30 36 34 64 37 33 36 37 32 30 36 31 37 35 37 34 36 66 32 30 36 33 36 31 36 34 36 31 32 30 33 31 36 38 32 63 32 30 35 32 36 31 37 33 37 30 36 32 36 35 37 32 37 32 37 39 32 30 36 39 36 65 36 39 36 33 36 39 36 31 32 30 36 31 37 35 37 34 36 66 32 63 32 30 35 33 36 35 36 65 37 33 36 66 37 32 34 63 37 35 37 61 33 61 32 30 33 31 32 30 34 65 36 66 36 33 36 38 36 35 36 64 32 61 03
32 35 > 25 > PLD_ER: Enqueue payload
31 32 30 36 34 64 37 33 36 37 32 30 36 31 37 35 37 34 36 66 32 30 36 33 36 31 36 34 36 31 32 30 33 31 36 38 32 63 32 30 35 32 36 31 37 33 37 30 36 32 36 35 37 32 37 32 37 39 32 30 36 39 36 65 36 39 36 33 36 39 36 31 32 30 36 31 37 35 37 34 36 66 32 63 32 30 35 33 36 35 36 65 37 33 36 66 37 32 34 63 37 35 37 61 33 61 32 30 33 31 32 30 34 65 36 66 36 33 36 38 36 35 > 12064D7367206175746F20636164612031682C2052617370626572727920696E69636961206175746F2C2053656E736F724C757A3A2031204E6F636865 > 0x6568636F4E2031203A7A754C726F736E6553202C6F74756120616963696E6920797272656270736152202C68312061646163206F7475612067734D0612 or dec316569550417276005225015714752746899187786554883052043451126775761070677405473381015949003065583184090056733352306286023001319162597156417889437202 > ID: 0x0612

02 46 46 30 31 32 35 30 39 34 34 03
46 46 > FF > ERROR
30 31 32 35 > 0125 > 0x2501 or dec9473 > 

